50
3
1 2 3
2 3 5
3 5 6
2 3 4
1 2 3
2
4 8
2 6
2 4
8
1 2 4 5 6 8 10 12
5 7 8 10 12 13 16 17
12 14 16 17 19 20 22 24
10 12 13 14 17 18 20 22
4 5 7 8 9 11 13 16
1 2 4 5 7 8 10 11
8 10 12 13 15 17 18 19
11 14 16 17 18 19 22 24
6 8 11 12 14 16 17 18
2 3 5 7 8 10 12 14
8 10 11 13 16 17 19 20
10 12 14 16 18 19 20 22
5 7 9 10 11 13 14 17
7 8 9 11 14 15 18 19
2 3 6 7 8 10 12 14
10
7 8 9 10 11 12 13 14 15 16
3 4 5 6 7 8 9 10 11 12
2 3 4 5 6 7 8 9 10 11
8 9 10 11 12 13 14 15 16 17
6 7 8 9 10 11 12 13 14 15
7 8 9 10 11 12 13 14 15 16
10 11 12 13 14 15 16 17 18 19
1 2 3 4 5 6 7 8 9 10
3 4 5 6 7 8 9 10 11 12
6 7 8 9 10 11 12 13 14 15
5 6 7 8 9 10 11 12 13 14
9 10 11 12 13 14 15 16 17 18
8 9 10 11 12 13 14 15 16 17
1 2 3 4 5 6 7 8 9 10
4 5 6 7 8 9 10 11 12 13
10 11 12 13 14 15 16 17 18 19
9 10 11 12 13 14 15 16 17 18
5 6 7 8 9 10 11 12 13 14
2 3 4 5 6 7 8 9 10 11
3
3 4 5
2 3 4
3 4 5
1 2 3
2 3 4
5
14 15 19 22 23
10 11 15 19 22
4 8 10 12 15
5 8 9 11 15
2 5 8 11 14
7 9 13 16 19
2 4 7 10 12
8 10 13 15 16
11 12 16 19 20
2
2 6
6 8
4 8
7
5 8 12 16 19 23 25
16 20 24 29 34 38 40
20 24 28 33 37 40 42
14 19 21 30 34 37 38
3 6 8 13 14 15 16
8 12 17 22 24 28 29
3 5 6 11 16 20 23
6 8 12 17 20 24 28
6 12 17 19 21 27 31
13 16 19 26 29 33 37
16 25 31 36 40 42 47
15 23 27 31 38 40 42
23 28 29 37 38 42 47
4
40 58 91 128
33 34 44 58
21 34 59 97
10 21 23 40
74 97 120 128
10 33 51 74
51 59 73 91
7
24 40 59 67 77 101 124
124 144 158 183 197 235 260
71 119 129 145 175 182 197
38 64 84 86 100 126 144
67 86 100 136 145 165 166
101 126 137 154 182 220 231
81 131 139 165 198 220 235
24 38 45 65 71 81 99
77 100 114 152 175 198 213
59 84 90 124 129 139 160
65 101 124 136 152 154 183
45 81 90 100 114 137 158
40 64 81 101 119 131 153
9
1 2 4 5 6 8 9 10 12
2 3 5 8 10 12 13 14 15
6 8 10 11 14 15 16 19 20
9 12 13 15 16 18 20 22 24
11 13 15 16 17 19 21 24 26
2 3 6 8 10 12 13 14 16
5 8 10 11 13 15 16 18 20
9 13 15 16 18 20 21 23 25
8 12 13 15 17 18 19 20 23
4 6 7 10 11 13 15 16 18
12 14 16 18 19 20 23 26 28
1 2 4 6 7 9 11 12 14
14 15 18 20 22 23 25 28 30
7 10 11 13 15 17 18 21 22
10 14 17 19 21 22 24 26 28
6 10 12 14 15 16 17 19 22
12 16 18 20 22 24 26 28 30
5
4 6 8 10 14
8 11 16 20 21
14 18 22 25 31
6 7 13 17 18
15 18 21 27 31
9 13 16 20 22
6 7 11 14 18
12 17 20 23 25
10 14 20 23 27
4
4 5 6 7
1 2 3 4
2 3 4 5
1 2 3 4
3 4 5 6
4 5 6 7
3 4 5 6
7
2 3 6 7 9 11 13
4 6 7 10 11 13 15
6 8 10 12 14 15 16
10 11 13 15 17 19 21
12 13 15 16 19 20 23
1 2 4 6 8 10 12
4 5 7 8 11 13 15
9 11 13 16 17 19 20
2 3 5 8 9 11 12
1 2 4 6 7 9 10
10 12 15 17 19 21 23
7 9 11 14 15 17 19
8 9 11 14 15 17 19
7
14 19 20 22 28 30 40
14 15 18 20 23 31 33
15 18 21 22 28 36 37
9 12 16 19 20 28 30
16 22 27 28 30 38 40
26 30 33 37 40 45 50
11 16 18 21 27 29 35
19 20 23 28 30 34 41
4 6 11 14 19 24 26
6 12 15 18 22 27 32
24 28 31 36 38 42 45
23 32 35 40 41 45 50
4 9 14 15 16 21 23
7
6 7 9 10 13 14 16
5 7 8 10 13 15 16
2 4 5 7 8 11 13
4 5 7 8 11 12 13
1 2 4 5 6 8 10
1 3 4 6 7 9 10
3 4 6 7 9 10 12
4 6 7 9 11 13 14
10 13 14 16 19 20 21
8 10 12 14 16 19 20
10 12 13 16 17 20 21
6 9 11 13 15 17 19
7 8 11 13 15 16 17
6
23 25 30 33 38 45
18 19 25 28 35 41
17 25 29 32 35 38
8 12 16 17 19 25
10 17 19 22 25 30
5 8 10 14 18 23
12 22 23 27 28 33
20 30 34 37 41 45
8 12 17 22 25 30
14 17 22 27 32 37
10 16 19 23 29 34
10
31 34 39 42 43 45 47 51 57 60
12 15 16 18 21 23 27 28 29 35
14 20 23 29 35 38 40 43 45 49
18 32 35 36 48 51 53 56 60 61
16 24 28 31 42 43 44 47 51 52
18 21 23 28 32 35 39 42 44 48
22 24 26 30 34 38 42 43 47 51
25 29 32 33 36 40 43 44 51 53
27 30 35 37 39 43 44 47 54 56
15 21 27 30 39 42 43 44 47 51
32 38 42 43 45 49 51 52 59 61
8 10 15 17 18 20 21 24 28 32
13 18 21 28 32 34 36 39 43 45
4 7 11 12 13 14 15 16 17 18
7 10 15 18 21 24 29 30 34 38
11 15 16 22 23 26 32 35 39 42
15 18 22 26 28 29 30 31 32 36
12 17 18 26 28 30 33 37 42 43
17 28 29 32 44 47 51 54 57 59
4
9 10 13 14
9 12 13 14
5 6 9 12
3 5 6 9
5 6 8 10
3 5 7 9
7 9 11 13
10
10 12 17 19 20 22 24 26 29 31
7 11 13 14 17 18 20 22 25 26
4 6 9 10 13 15 17 19 21 23
17 20 23 25 27 28 31 33 34 36
5 7 9 11 13 15 17 18 20 22
13 16 19 20 22 23 26 28 30 32
11 14 17 18 20 22 24 25 29 31
6 8 11 13 14 16 18 20 23 25
3 4 6 8 10 11 12 13 15 17
2 3 5 6 7 9 11 13 15 17
15 17 22 25 26 29 31 32 34 36
15 18 21 23 25 27 29 30 32 34
14 15 20 23 25 27 29 30 32 34
2 3 4 6 7 8 10 12 14 15
8 11 15 17 18 20 22 23 27 28
7 10 13 15 17 19 20 22 25 27
9 13 15 16 19 20 22 24 27 29
6 9 10 13 15 17 19 21 23 25
12 13 18 21 22 24 25 28 30 33
7
4 5 6 7 8 9 10
1 2 3 4 5 6 7
3 4 5 6 7 8 9
2 3 4 5 6 7 8
1 2 3 4 5 6 7
3 4 5 6 7 8 9
6 7 8 9 10 11 12
4 5 6 7 8 9 10
7 8 9 10 11 12 13
7 8 9 10 11 12 13
5 6 7 8 9 10 11
6 7 8 9 10 11 12
5 6 7 8 9 10 11
10
19 37 55 70 88 105 122 147 155 157
127 129 140 154 197 202 212 231 255 268
59 70 75 84 103 120 149 154 167 195
73 105 134 136 166 183 198 202 238 247
131 143 166 167 216 238 261 274 276 296
60 73 94 103 150 166 176 199 216 230
82 91 119 120 174 183 200 206 232 240
115 155 163 204 216 232 238 255 276 303
63 88 109 133 150 174 181 197 216 227
140 166 179 195 227 247 265 278 303 327
105 107 125 149 181 198 208 222 238 250
50 55 74 83 94 119 125 140 166 179
30 37 52 64 73 91 107 129 143 166
30 52 74 75 109 134 145 158 163 182
17 19 30 47 60 82 105 127 131 140
76 122 145 167 176 200 208 212 261 265
17 30 50 59 63 73 76 93 115 116
116 157 182 214 230 240 250 268 296 327
47 64 83 84 133 136 167 183 204 214
10
20 22 25 27 32 36 40 44 48 52
21 28 33 34 36 43 44 45 48 55
3 6 10 14 16 17 22 26 29 30
7 9 11 17 21 23 25 28 30 33
9 10 11 16 18 25 29 33 34 37
26 35 37 41 44 47 52 55 56 58
10 12 16 18 24 25 27 29 31 36
24 32 34 35 38 44 48 50 52 56
10 14 17 18 21 29 32 34 35 41
19 25 29 32 34 39 40 42 47 51
17 21 25 29 30 35 36 38 43 47
24 26 28 29 35 38 42 45 50 55
12 16 21 24 28 30 34 36 38 44
16 17 23 25 31 35 39 43 44 47
1 5 9 10 12 16 20 24 26 27
1 3 7 10 13 17 19 21 24 26
5 6 9 12 14 21 25 28 32 35
27 30 33 36 40 47 51 55 56 58
13 14 18 21 28 31 32 35 39 40
7
4 9 13 16 17 18 28
2 7 8 9 10 11 25
3 8 12 13 14 15 27
23 24 27 29 30 32 34
5 10 14 17 19 20 30
1 2 3 4 5 6 23
2 7 8 9 10 11 24
4 9 13 16 17 18 29
6 11 15 18 20 21 33
3 8 12 13 14 15 26
5 10 14 17 19 20 31
1 2 3 4 5 6 22
22 25 26 28 31 33 34
6
15 23 24 29 32 37
14 16 21 23 28 29
7 10 14 17 20 23
9 14 17 21 24 26
2 6 9 10 11 15
19 25 26 32 36 37
11 20 23 28 30 36
2 7 12 14 15 19
10 17 20 23 27 32
15 21 24 27 30 32
12 13 17 20 23 24
4
3 4 6 7
6 8 9 11
2 4 6 8
1 2 3 4
1 3 4 6
3 6 7 9
4 6 7 9
3
2 5 8
8 13 15
5 9 11
7 9 13
2 7 9
2
2 22
22 222
22 222
4
3 5 6 9
3 5 7 8
5 6 7 10
6 7 11 14
8 11 14 17
5 6 10 11
7 10 11 12
2
2 4
4 8
6 8
4
2 4 5 10
8 10 11 13
1 2 3 8
2 4 5 9
7 9 12 13
3 5 6 11
3 5 6 12
2
3 4
2 3
3 4
7
3 5 6 9 11 14 16
11 14 20 21 25 28 31
13 15 18 25 28 30 31
8 11 14 17 20 22 25
3 6 8 10 12 13 16
14 15 22 23 26 30 32
16 18 25 27 29 31 34
9 12 17 20 23 25 28
6 8 14 16 17 18 19
16 17 19 28 31 32 34
12 13 17 23 25 26 29
10 12 16 20 21 23 27
5 7 11 12 13 15 17
3
2 3 4
2 3 4
3 4 5
1 2 3
1 2 3
10
3 13 23 33 43 53 63 73 83 93
2 12 22 32 42 52 62 72 82 92
51 52 53 54 55 56 57 58 59 60
6 16 26 36 46 56 66 76 86 96
41 42 43 44 45 46 47 48 49 50
8 18 28 38 48 58 68 78 88 98
81 82 83 84 85 86 87 88 89 90
21 22 23 24 25 26 27 28 29 30
9 19 29 39 49 59 69 79 89 99
5 15 25 35 45 55 65 75 85 95
4 14 24 34 44 54 64 74 84 94
10 20 30 40 50 60 70 80 90 100
61 62 63 64 65 66 67 68 69 70
1 11 21 31 41 51 61 71 81 91
11 12 13 14 15 16 17 18 19 20
71 72 73 74 75 76 77 78 79 80
31 32 33 34 35 36 37 38 39 40
1 2 3 4 5 6 7 8 9 10
91 92 93 94 95 96 97 98 99 100
10
16 22 26 29 31 35 38 40 43 47
14 16 17 21 22 26 30 32 35 38
9 13 14 17 19 22 25 26 29 31
7 10 12 14 17 20 23 24 26 28
18 23 28 31 32 38 39 43 45 48
4 6 9 12 13 16 17 20 22 23
13 16 20 22 24 26 27 29 32 35
6 9 12 14 16 17 19 23 25 28
22 27 28 30 31 35 39 44 47 48
21 24 25 27 29 32 37 41 43 45
1 4 7 9 12 14 16 19 21 22
4 6 10 13 15 16 18 22 24 27
1 4 6 9 12 13 14 15 16 18
15 20 24 26 29 32 34 38 41 44
14 17 23 25 28 30 32 35 37 39
12 15 16 18 21 24 28 29 31 32
19 22 23 25 27 29 35 38 40 43
12 13 17 19 21 22 24 27 29 31
9 12 14 17 18 21 22 25 27 30
7
4 7 10 11 13 14 18
5 10 11 13 14 17 19
7 10 11 15 16 17 18
8 11 13 16 18 19 21
8 12 15 16 19 21 22
11 16 17 19 23 26 27
15 18 19 22 26 27 30
4 7 10 12 14 16 17
11 13 14 19 21 23 25
9 14 16 18 21 24 26
3 4 5 8 9 11 12
3 4 7 8 11 13 15
12 17 18 21 25 29 30
4
5 8 12 15
3 6 7 10
5 7 10 12
1 2 5 8
8 10 13 15
1 3 4 5
4 7 10 13
2
22 222
2 22
2 22
7
22 23 24 25 26 27 28
8 9 10 11 12 13 14
7 14 21 28 35 42 49
43 44 45 46 47 48 49
4 11 18 25 32 39 46
5 12 19 26 33 40 47
36 37 38 39 40 41 42
3 10 17 24 31 38 45
29 30 31 32 33 34 35
6 13 20 27 34 41 48
15 16 17 18 19 20 21
1 8 15 22 29 36 43
2 9 16 23 30 37 44
4
1 2 3 4
5 6 7 8
13 14 15 16
9 10 11 12
4 8 12 16
2 6 10 14
1 5 9 13
8
18 20 21 23 26 31 36 37
15 18 19 21 24 28 33 36
13 17 21 24 28 30 33 36
4 6 8 11 12 15 18 20
2 4 5 6 9 10 13 15
11 12 15 17 18 25 28 31
6 12 14 15 17 18 21 23
5 9 10 13 15 16 19 21
2 5 7 8 11 12 15 18
5 6 9 12 13 16 17 19
7 8 10 14 16 19 21 22
10 16 19 22 25 27 28 31
8 11 13 15 17 22 24 26
15 19 22 26 31 32 36 37
12 15 16 18 19 27 30 32
3
1 2 3
2 3 4
3 4 5
1 2 3
3 4 5
7
13 15 17 22 24 25 27
11 18 19 24 25 29 32
15 18 20 23 25 27 29
7 10 11 14 18 21 22
8 14 18 22 23 26 31
3 6 7 8 11 12 15
10 12 14 18 19 23 24
22 25 27 31 32 35 38
3 7 10 13 15 19 22
7 11 14 17 20 25 27
15 22 24 27 29 34 38
19 23 25 26 29 31 34
6 10 12 15 18 23 25
10
12 13 15 18 20 23 25 28 30 32
8 10 12 14 16 18 20 22 24 25
16 18 19 21 25 28 30 32 33 34
13 15 17 19 22 25 26 29 31 33
9 11 13 16 18 20 22 23 26 28
9 11 13 15 18 20 21 23 25 26
5 6 8 9 11 13 15 16 17 19
12 14 16 18 22 23 26 28 29 31
6 7 9 11 13 15 17 18 20 21
2 5 6 7 10 11 12 13 15 16
14 15 17 20 24 26 28 30 31 33
1 2 3 5 7 9 11 12 14 16
7 9 11 13 16 18 19 20 22 24
3 5 6 7 9 11 12 14 15 18
11 12 15 17 20 22 24 25 26 27
3 6 8 9 12 13 14 15 17 18
15 16 18 21 24 26 27 31 33 34
1 3 5 6 8 9 10 12 13 15
10 12 14 17 19 21 24 26 28 30
2
2 3
2 4
4 6
2
2 4
6 8
2 6
4
6 8 9 11
7 8 10 11
1 3 5 7
1 3 4 6
3 5 7 8
3 5 6 8
4 7 8 10
10
8 16 23 29 34 38 41 43 44 61
2 10 11 12 13 14 15 16 17 49
2 10 11 12 13 14 15 16 17 48
6 14 21 27 32 36 37 38 39 57
3 11 18 19 20 21 22 23 24 50
3 11 18 19 20 21 22 23 24 51
9 17 24 30 35 39 42 44 45 63
9 17 24 30 35 39 42 44 45 62
46 49 50 52 55 56 58 60 63 64
5 13 20 26 31 32 33 34 35 54
5 13 20 26 31 32 33 34 35 55
47 48 51 53 54 57 59 61 62 64
4 12 19 25 26 27 28 29 30 52
7 15 22 28 33 37 40 41 42 58
6 14 21 27 32 36 37 38 39 56
4 12 19 25 26 27 28 29 30 53
1 2 3 4 5 6 7 8 9 46
7 15 22 28 33 37 40 41 42 59
8 16 23 29 34 38 41 43 44 60
3
8 16 19
3 8 9
3 4 8
8 13 16
9 15 19
